b3
00
00
00
33
01
00
00
b3
01
00
00
33
02
00
00
b3
02
00
00
33
03
00
00
b3
03
00
00
33
04
00
00
b3
04
00
00
33
05
00
00
b3
05
00
00
33
06
00
00
b3
06
00
00
33
07
00
00
b3
07
00
00
33
08
00
00
b3
08
00
00
33
09
00
00
b3
09
00
00
33
0a
00
00
b3
0a
00
00
33
0b
00
00
b3
0b
00
00
33
0c
00
00
b3
0c
00
00
33
0d
00
00
b3
0d
00
00
33
0e
00
00
b3
0e
00
00
33
0f
00
00
b3
0f
00
00
93
00
80
3e
13
01
80
c1
33
84
20
00
93
04
20
00
b3
84
94
00
b3
84
94
00
b3
84
94
00
13
09
00
19
93
09
40
06
33
0a
39
01
93
0a
40
38
33
0b
50
01
ff
ff
ff
ff